12 65 75
5 6 10
8 9 13
25 26 99
7 21 38
11
15 23 60
16 59 110
19 53 71
18
14 17 20
33 44 78
32 34 66
22 30 39
28
19 24 51
33 61 73
83
58 76
46 69 106
56 77 97
27 29 35
25
85 101
77
90
37
31
37 42
96
43 48
36 41 45
55
48 64
43
100
47 72 95
40 54
74
116
75
49 77
91
71
57 70
58
78
50 52
110
67 91 98
63
54
88
62 105
59 103
121
87
80 113
1
68 111
67
74
109
93
106
79
93
104
95 98
81
84 86
79 94 115
87 91 98
112
112
86
112
82 113
89
103
102
118
114
108
92
105
90
107
100
102
117
100
118
118
99
107
114
103
119
111
107
105
115
115
109
116
121
119
113
119
116
117
120
120
117
121
120
